Num_packet	Acc_X	Acc_Y	Acc_Z	Rot_X	Rot_Y	Rot_Z	Temp	Pre	    Alt	Temps_s	Temps_ms
[Id]        [m/s^2] [m/s^2] [m/s^2] [째/s]   [째/s]   [째/s]   [째C]    [Pa]    [m] [s]     [ms]
--------------------------------------------------------------------------------------------------------
486	-0.36	0.04	0.39	28.98	28.22	23.89	27.17	-1178	44330.00	104	856
487	-0.34	0.02	0.33	41.60	15.41	28.00	27.17	-1192	44330.00	105	56
488	-0.33	0.03	0.36	37.33	17.97	27.30	27.07	-1183	44330.00	105	256
489	-0.34	0.03	0.33	61.85	5.05	29.89	27.12	-1186	44330.00	105	456
490	-0.35	-0.01	0.28	44.04	14.47	26.23	27.21	-1183	44330.00	105	656
491	-0.32	0.02	0.33	44.89	11.66	28.19	27.12	-1178	44330.00	105	856
492	-0.34	0.02	0.36	38.34	17.30	26.57	27.17	-1183	44330.00	106	56
493	-0.37	0.03	0.37	41.63	19.37	26.02	27.07	-1178	44330.00	106	256
494	-0.34	0.02	0.35	40.11	18.31	28.43	27.17	-1169	44330.00	106	456
495	-0.37	0.03	0.32	37.67	16.78	28.52	27.21	-1169	44330.00	106	656
496	-0.34	0.02	0.30	40.47	17.03	27.91	27.21	-1169	44330.00	106	856
497	-0.36	0.04	0.38	38.55	22.67	29.65	27.17	-1166	44330.00	107	56
498	-0.39	-0.00	0.33	33.71	20.17	23.95	27.26	-1166	44330.00	107	256
499	-0.36	0.03	0.35	24.44	31.23	27.36	27.17	-1166	44330.00	107	456
500	-0.31	0.02	0.36	34.35	23.19	26.51	27.21	-1166	44330.00	107	656
501	-0.36	0.06	0.31	66.94	-9.41	27.06	27.21	-1169	44330.00	107	856
502	-0.38	0.02	0.41	40.69	21.91	21.51	27.21	-1158	44330.00	108	56
503	-0.36	0.03	0.40	-7.24	47.58	24.34	27.17	-1158	44330.00	108	256
504	-0.32	0.03	0.25	24.38	33.06	27.00	27.26	-1158	44330.00	108	456
505	-0.36	0.02	0.30	18.61	33.19	25.90	27.12	-1148	44330.00	108	656
506	-0.37	0.04	0.29	36.45	25.50	26.60	27.21	-1140	44330.00	108	856
507	-0.32	0.06	0.38	25.08	29.95	32.03	27.21	-1134	44330.00	109	56
509	-0.30	0.03	0.36	38.19	15.20	29.22	27.17	-1128	44330.00	109	456
510	-0.36	0.02	0.36	26.97	23.52	19.56	27.17	-1125	44330.00	109	656
511	-0.26	0.04	0.35	45.84	15.53	29.98	27.17	-1128	44330.00	109	856
512	-0.35	0.03	0.29	35.38	12.85	20.99	27.12	-1125	44330.00	110	56
513	-0.36	0.04	0.40	14.99	40.02	26.36	27.21	-1128	44330.00	110	256
514	-0.35	0.03	0.34	16.75	36.54	24.98	27.21	-1134	44330.00	110	456
515	-0.33	0.07	0.42	42.27	17.64	28.31	27.26	-1134	44330.00	110	656
516	-0.41	0.06	0.42	42.67	13.95	26.36	27.17	-1134	44330.00	110	856
517	-0.35	0.04	0.38	36.57	21.02	27.30	27.26	-1145	44330.00	111	56
518	-0.36	0.04	0.31	34.77	20.66	28.19	27.21	-1137	44330.00	111	256
519	-0.38	0.05	0.36	42.12	15.56	28.09	27.21	-1148	44330.00	111	456
520	-0.40	0.05	0.35	37.58	19.71	29.34	27.21	-1148	44330.00	111	656
521	-0.38	0.05	0.36	41.79	15.20	26.66	27.17	-1154	44330.00	111	856
522	-0.35	0.05	0.39	39.80	14.80	26.20	27.17	-1154	44330.00	112	56
523	-0.35	0.04	0.40	30.23	27.55	27.82	27.31	-1148	44330.00	112	256
524	-0.38	0.04	0.34	30.78	26.17	30.02	27.12	-1145	44330.00	112	456
525	-0.37	0.04	0.33	21.66	29.34	24.71	27.12	-1140	44330.00	112	656
526	-0.35	0.05	0.33	36.54	18.89	29.01	27.26	-1145	44330.00	112	856
527	-0.36	0.02	0.33	26.08	26.54	27.42	27.26	-1145	44330.00	113	56
528	-0.36	0.06	0.32	41.88	13.98	27.79	27.26	-1148	44330.00	113	256
529	-0.37	0.06	0.34	31.75	23.43	30.32	27.12	-1145	44330.00	113	456
530	-0.36	0.02	0.39	35.69	51.91	15.41	27.21	-1140	44330.00	113	656
531	-0.36	0.02	0.12	-1.17	39.56	20.11	27.21	-1140	44330.00	113	856
532	-0.08	0.23	0.52	6.75	8.58	3.61	27.17	-1148	44330.00	114	56
533	-0.19	0.48	0.67	-7.06	16.08	10.87	27.26	-1140	44330.00	114	256
534	-0.11	0.36	0.41	37.55	6.63	18.95	27.21	-1145	44330.00	114	456
535	-0.15	0.44	0.57	-3.73	47.79	-8.00	27.21	-1140	44330.00	114	656
536	-0.21	0.39	0.45	22.36	72.61	28.09	27.12	-1140	44330.00	114	856
537	-0.07	0.54	0.63	35.23	29.95	22.97	27.31	-1140	44330.00	115	56
538	-0.14	0.52	0.58	79.22	-15.02	32.09	27.17	-1140	44330.00	115	256
539	-0.13	0.46	0.56	34.10	18.92	20.87	27.17	-1140	44330.00	115	456
540	-0.19	0.46	0.65	29.32	18.80	21.75	27.17	-1134	44330.00	115	656
541	-0.16	0.46	0.65	33.74	24.83	29.28	27.21	-1140	44330.00	115	856
542	-0.12	0.48	0.63	44.68	10.05	27.00	27.21	-1134	44330.00	116	56
543	-0.14	0.48	0.69	16.85	35.63	23.64	27.21	-1134	44330.00	116	256
544	-0.18	0.50	0.68	36.88	19.98	26.23	27.26	-1134	44330.00	116	456
545	-0.08	0.50	0.70	29.47	21.39	25.20	27.26	-1134	44330.00	116	656
546	-0.18	0.47	0.72	30.11	10.69	16.75	27.31	-1128	44330.00	116	856
547	-0.22	0.50	0.62	50.54	7.06	24.92	27.31	-1128	44330.00	117	56
548	-0.20	0.44	0.67	28.74	27.45	24.83	27.21	-1128	44330.00	117	256
549	-0.18	0.48	0.66	34.59	21.97	34.59	27.26	-1125	44330.00	117	456
550	-0.21	0.47	0.65	45.69	9.34	27.91	27.26	-1119	44330.00	117	656
551	-0.23	0.46	0.60	36.48	24.19	31.33	27.35	-1119	44330.00	117	856
552	-0.23	0.44	0.62	33.86	17.91	27.64	27.31	-1119	44330.00	118	56
553	-0.21	0.45	0.55	37.15	23.19	27.15	27.21	-1119	44330.00	118	256
554	-0.24	0.44	0.55	46.82	17.27	27.52	27.21	-1125	44330.00	118	456
555	-0.23	0.44	0.63	29.99	22.24	27.42	27.17	-1125	44330.00	118	656
556	-0.19	0.44	0.61	45.41	13.61	29.47	27.17	-1125	44330.00	118	856
557	-0.25	0.44	0.60	32.70	23.09	27.55	27.26	-1125	44330.00	119	56
558	-0.25	0.45	0.60	49.25	8.67	27.27	27.31	-1125	44330.00	119	256
559	-0.21	0.43	0.61	37.15	22.52	30.53	27.21	-1125	44330.00	119	456
560	-0.24	0.45	0.64	40.69	11.81	22.58	27.31	-1125	44330.00	119	656
561	-0.25	0.44	0.62	32.46	24.37	28.83	27.26	-1125	44330.00	119	856
562	-0.23	0.44	0.62	37.49	20.81	25.81	27.35	-1119	44330.00	120	56
563	-0.27	0.45	0.60	43.04	13.40	25.99	27.21	-1119	44330.00	120	256
564	-0.26	0.46	0.65	33.19	23.67	28.49	27.21	-1128	44330.00	120	456
565	-0.24	0.45	0.62	47.67	14.19	29.59	27.31	-1128	44330.00	120	656
566	-0.24	0.43	0.63	39.89	19.89	30.29	27.26	-1119	44330.00	120	856
567	-0.25	0.45	0.64	41.63	17.15	30.35	27.17	-1125	44330.00	121	56
568	-0.24	0.46	0.63	39.16	17.06	27.58	27.21	-1128	44330.00	121	256
569	-0.25	0.46	0.71	34.74	21.30	26.91	27.21	-1128	44330.00	121	456
570	-0.26	0.45	0.66	42.58	11.69	25.14	27.31	-1134	44330.00	121	656
571	-0.27	0.43	0.64	22.09	35.69	28.77	27.21	-1125	44330.00	121	856
572	-0.10	0.51	0.67	72.06	-3.70	34.28	27.26	-1119	44330.00	122	56
573	-0.18	0.24	0.56	43.49	42.67	11.48	27.26	-1134	44330.00	122	256
574	-0.29	0.18	0.50	17.85	68.00	23.80	27.26	-1119	44330.00	122	456
575	-0.25	0.10	0.41	32.24	56.88	51.02	27.21	-1116	44330.00	122	656
576	-0.28	0.17	0.82	32.70	-57.30	11.17	27.31	-1125	44330.00	122	856
577	-0.60	0.11	0.16	92.39	-175.63	-11.78	27.21	-1116	44330.00	123	56
578	-0.88	0.15	-0.45	96.39	-33.09	43.49	27.26	-1125	44330.00	123	256
579	-0.54	0.16	-0.44	-108.79	124.95	-0.72	27.17	-1137	44330.00	123	456
580	-0.92	0.04	-0.34	9.68	36.23	12.39	27.17	-1134	44330.00	123	656
581	-1.27	0.21	-0.29	20.02	5.53	-47.30	27.21	-1145	44330.00	123	856
582	-1.05	0.27	-0.10	13.86	26.39	16.42	27.21	-1140	44330.00	124	56
583	-0.91	0.29	-0.19	19.13	33.43	29.10	27.21	-1145	44330.00	124	256
584	-0.92	0.31	-0.06	19.59	31.91	25.35	27.17	-1137	44330.00	124	456
585	-0.81	0.32	-0.07	39.96	15.78	30.78	27.35	-1134	44330.00	124	656
586	-0.78	0.40	0.04	35.60	39.74	34.80	27.31	-1128	44330.00	124	856
587	-0.82	0.35	0.02	26.97	20.35	27.73	27.21	-1128	44330.00	125	56
588	-0.86	0.37	0.06	36.51	14.53	24.50	27.21	-1116	44330.00	125	256
589	-0.87	0.33	0.07	38.92	18.25	21.87	27.35	-1119	44330.00	125	456
590	-0.83	0.35	0.09	48.77	21.54	37.15	27.26	-1107	44330.00	125	656
591	-0.88	0.36	0.06	22.82	19.65	21.72	27.26	-1116	44330.00	125	856
592	-0.77	0.37	0.05	42.70	19.89	29.28	27.21	-1116	44330.00	126	56
593	-0.85	0.36	0.09	31.21	20.38	24.01	27.12	-1104	44330.00	126	256
594	-0.83	0.36	0.10	34.83	19.92	25.59	27.21	-1099	44330.00	126	456
595	-0.86	0.37	0.09	53.83	6.63	28.12	27.26	-1099	44330.00	126	656
596	-0.79	0.34	0.08	50.14	4.89	32.45	27.17	-1104	44330.00	126	856
597	-0.83	0.30	0.14	12.97	39.74	28.46	27.21	-1099	44330.00	127	56
598	-0.71	0.32	0.13	47.85	42.45	15.41	27.21	-1099	44330.00	127	256
599	-0.85	0.31	0.29	55.96	31.84	18.22	27.31	-1104	44330.00	127	456
600	-0.57	0.33	0.16	-11.14	73.31	15.99	27.31	-1107	44330.00	127	656
601	-0.76	0.36	0.03	50.69	18.80	41.75	27.26	-1104	44330.00	127	856
602	-0.97	0.45	0.33	46.30	57.76	28.77	27.26	-1104	44330.00	128	56
603	-0.84	0.45	0.20	31.54	8.61	31.39	27.17	-1090	44330.00	128	256
604	-0.72	0.33	0.46	15.23	70.41	36.66	27.31	-1096	44330.00	128	456
605	-0.56	0.38	0.32	52.00	10.78	28.95	27.21	-1087	44330.00	128	656
606	-0.63	0.45	0.49	59.80	7.73	27.18	27.31	-1087	44330.00	128	856
607	-0.67	0.43	0.40	34.56	18.92	12.42	27.26	-1087	44330.00	129	56
608	-0.66	0.43	0.40	49.83	7.06	20.78	27.26	-1084	44330.00	129	256
609	-0.69	0.35	0.36	33.10	20.41	26.45	27.21	-1090	44330.00	129	456
610	-0.68	0.37	0.29	30.57	24.50	27.36	27.31	-1087	44330.00	129	656
611	-0.70	0.39	0.36	34.83	19.13	24.25	27.21	-1090	44330.00	129	856
612	-0.66	0.40	0.49	55.63	7.91	33.03	27.35	-1087	44330.00	130	56
614	-0.68	0.32	0.34	43.16	0.14	20.78	27.26	-1087	44330.00	130	456
615	-0.72	0.41	0.35	12.55	44.38	41.02	27.31	-1084	44330.00	130	656
616	-0.58	0.39	0.49	22.97	32.85	24.22	27.31	-1084	44330.00	130	856
617	-0.64	0.38	0.37	47.43	11.60	26.84	27.31	-1087	44330.00	131	56
618	-0.67	0.35	0.36	23.22	25.93	30.84	27.26	-1079	44330.00	131	256
619	-0.68	0.39	0.35	28.71	24.59	24.19	27.35	-1066	44330.00	131	456
620	-0.67	0.39	0.35	35.14	19.37	31.51	27.35	-1073	44330.00	131	656
621	-0.63	0.37	0.35	39.71	18.06	27.61	27.31	-1066	44330.00	131	856
622	-0.65	0.36	0.35	38.25	21.94	29.92	27.21	-1066	44330.00	132	56
623	-0.63	0.37	0.36	26.82	27.64	27.82	27.31	-1073	44330.00	132	256
625	-0.67	0.37	0.37	32.64	24.68	29.80	27.26	-1073	44330.00	132	656
626	-0.67	0.37	0.37	45.14	9.98	25.93	27.21	-1079	44330.00	132	856
627	-0.67	0.36	0.34	39.77	16.57	31.05	27.40	-1076	44330.00	133	56
628	-0.65	0.38	0.34	-1.23	61.88	39.92	27.31	-1079	44330.00	133	256
629	-0.69	0.38	0.36	31.02	24.28	26.30	27.26	-1076	44330.00	133	456
630	-0.64	0.42	0.44	25.11	24.95	24.98	27.26	-1076	44330.00	133	656
631	-0.62	0.43	0.41	35.57	18.09	27.91	27.31	-1084	44330.00	133	856
632	-0.69	0.40	0.35	51.27	6.51	27.12	27.31	-1066	44330.00	134	56
633	-0.66	0.39	0.36	34.35	24.07	30.93	27.31	-1073	44330.00	134	256
634	-0.65	0.41	0.37	43.95	13.31	29.95	27.21	-1076	44330.00	134	456
635	-0.66	0.39	0.34	32.91	17.76	25.72	27.26	-1073	44330.00	134	656
636	-0.68	0.41	0.36	30.08	28.25	28.16	27.26	-1076	44330.00	134	856
637	-0.70	0.40	0.32	47.79	8.61	30.38	27.35	-1076	44330.00	135	56
638	-0.68	0.42	0.37	49.38	9.28	29.13	27.31	-1066	44330.00	135	256
639	-0.64	0.38	0.36	30.23	24.95	27.97	27.31	-1073	44330.00	135	456
640	-0.70	0.39	0.38	33.64	19.44	26.94	27.40	-1066	44330.00	135	656
641	-0.69	0.37	0.32	22.21	22.85	26.05	27.35	-1066	44330.00	135	856
642	-0.68	0.43	0.29	29.32	25.14	32.09	27.35	-1054	44330.00	136	56
643	-0.69	0.40	0.36	54.80	5.81	26.23	27.35	-1066	44330.00	136	256
644	-0.65	0.39	0.34	29.74	25.35	30.87	27.31	-1060	44330.00	136	456
645	-0.69	0.42	0.36	29.99	19.41	23.98	27.31	-1060	44330.00	136	656
646	-0.64	0.41	0.42	17.43	31.30	26.87	27.26	-1054	44330.00	136	856
647	-0.60	0.41	0.33	40.87	14.86	28.06	27.17	-1054	44330.00	137	56
648	-0.72	0.41	0.40	14.74	52.97	41.60	27.35	-1060	44330.00	137	256
649	-0.59	0.43	0.32	51.60	-7.91	23.31	27.40	-1054	44330.00	137	456
650	-0.70	0.39	0.32	11.21	37.91	35.38	27.31	-1060	44330.00	137	656
651	-0.52	0.79	1.26	-84.25	162.45	36.14	27.31	-1054	44330.00	137	856
652	-0.46	0.53	-0.15	260.23	-207.70	43.25	27.26	-1051	44330.00	138	56
653	-0.32	0.45	0.76	50.41	0.81	26.60	27.45	-1048	44330.00	138	256
654	-0.21	0.17	-0.05	-269.13	255.02	-9.59	27.26	-1051	44330.00	138	456
655	-0.51	0.50	0.33	187.55	-111.27	44.50	27.21	-1037	44330.00	138	656
656	-0.42	0.51	1.21	-9.07	86.27	17.76	27.31	-1042	44330.00	138	856
657	-0.48	0.16	0.02	-107.45	93.89	10.35	27.31	-1037	44330.00	139	56
658	-0.50	0.48	0.16	155.87	-92.94	36.63	27.26	-1037	44330.00	139	256
659	-0.40	0.48	0.53	110.23	-59.19	24.80	27.26	-1026	44330.00	139	456
660	-0.42	0.51	0.76	49.35	0.56	26.84	27.31	-1021	44330.00	139	656
661	-0.67	0.50	0.44	6.63	22.36	44.47	27.31	-1021	44330.00	139	856
662	-0.61	0.67	0.10	299.04	-218.64	44.59	27.31	-1026	44330.00	140	56
663	-0.08	0.68	1.17	28.00	63.43	25.47	27.31	-1026	44330.00	140	256
664	-0.11	0.58	0.65	-119.65	166.11	31.11	27.35	-1029	44330.00	140	456
665	-0.35	0.51	-0.08	152.61	-97.79	57.97	27.31	-1026	44330.00	140	656
666	-0.42	0.64	0.55	222.94	-152.21	45.05	27.21	-1026	44330.00	140	856
667	-0.32	0.61	1.32	21.57	46.05	28.19	27.21	-1026	44330.00	141	56
668	-0.33	0.57	0.77	-42.67	82.00	14.10	27.31	-1029	44330.00	141	256
669	-0.35	0.53	0.60	18.95	25.72	24.59	27.35	-1026	44330.00	141	456
670	-0.43	0.53	0.62	26.24	16.63	18.58	27.26	-1021	44330.00	141	656
671	-0.32	0.57	0.60	37.33	11.45	22.06	27.26	-1021	44330.00	141	856
672	-0.34	0.57	0.63	35.72	28.40	28.06	27.31	-1017	44330.00	142	56
673	-0.36	0.60	0.61	42.88	10.14	27.67	27.31	-1014	44330.00	142	256
674	-0.39	0.56	0.53	51.36	8.73	39.38	27.31	-1017	44330.00	142	456
